$ANSIBLE_VAULT;1.1;AES256
37346135663336323233623530396466306137613766636233643634326138306631356562646265
6531356661626433653361636331393465363236663937620a363538333132316164636663636163
38343331633532633433353933626461333030343865613763646635323332323337333937653733
6435646164623336360a643636636431636638333236383033373237396539316662316166356331
30396361323432316334303634336435376339333463366332353735633265363539366533356239
30363536323866663163343638383963616666353138616465636665653031616363633437393965
64346434346630326234653463353837643365636238316363313535383162353833333566633461
61666338373237333931386163646230303463656336633735356434306238626536303261336139
32343133366539626232613431313638636465353962303462323533303665353635633461663533
35376338613865323061333435396130326663616465353433373266303231656536633139363331
34626536326666343937323162303939663063333634613962636532626361346638313639343433
39646332623462323462623835343133353838663234323865363063313961623062396332623035
63633331633566316534356164623132626131643463343131313932333636363362613939396237
31313135646165323238373465346137356439343536663531616131663965353530333263626133
62353434306530396339643938346434643062306238383162666562353133653235306565383531
30353861616232663032356234353438373464353633326263346134333765303262656635353061
62616566643232376236333238396236616636323934616564666663313939653232
