$ANSIBLE_VAULT;1.1;AES256
36313939616431633138353838623739636134623739356434323139666539366434326563303962
6631656638373565616130636363353137653932633533330a616461346636626265353931356538
31623936633935636532323864323835363632313364313364346662303235353464313563663435
3534313037613561390a353166336365346339616132666634366134653834356233313238646237
31323531383532363534373532373932653538373066343139326365316137346435333438376330
61633332313438353566663135383866336433303832616661626232326236323966383665356561
32313038666264636265663436343166363764356333633533373633333662656532313737626264
39346233393531383038326566323535323866613064336137623766653264373031653639343461
30363738303831643437396234656435303066636534313366393637313433663365623133653438
66336530313333323135353736363731643539386534343464643232393536346461613161643164
34356361626462306339376638383339646130363865343666303232333131666236313139303730
32666364656261633838363036613861356564653638396439303262376365343433666565663039
34373732663566343633303464303738656362303064323235323139343330333438343537326636
64303936323835653362623138663135346532343530646139626261353864316664313135393534
33306435646137303939366637656630623164343239303766653466393530313139346530616233
34376661386434326530613637653463633431383865316662313632326466396131666138386662
38383434356230363862643866313833343234633831333833326562396333656339613061623734
65386364356437343239633539326266373866373336396166373263386239383931386138366164
35313632613530653131336633336430356666303966306531343233393135613738316631323139
66396334376665653461356565663361383332306462386439626436666661386430323833326239
66393961633134633261333737616632373234653635633734353865373731633933303039336562
35393938636434623065356433633034313831313030616132363633363237363534303135376137
66663265653065316262333463343366636337393364303138623565636538373731303935333931
36356339393763336137616434646130373965623035343431613963333935373039613033663664
64366235343832383262363630303661643061336164313638323538653936653964656632313638
34306536666334366566353931656536663062626632373664396637316230363334333532316131
37643261666333666162373264383631656431633731626632393034306466373732396564616536
39393136623434313939666563313638343033363366376334626464633733663632313732373535
39613539643664643939663963646331306564646236633033356664353039313438313132663136
31363337303337303661386465646533336135363231393933623835303539303161613235626631
61346364376665616338323635346531363063623231633866353136353063663437376532643137
34373438373238613939623635343761393235383737616534323233326230643439623635383866
64323534306164363239316237613134666366646439613639633135336335336163323233303937
33396533363535643737656565633932316261626163306165323537393261343733666338326538
323163663466333031323436333436393730
