$ANSIBLE_VAULT;1.1;AES256
64333535393838366538396361623033313835346262383639393235313563393864363936666139
6362656133343530613561623834303738623966396538640a313937376635643537633461333339
33363836613066633631363063653339373033373561313761353831663562636239653165633464
3938323435613833620a353335343730633163326265633365653633663537623664316635353039
62396666323839636639363532383961323330373934353663613766333933643436643134343363
36306630646335326137366435303034366638623662393632386665646437303136356536363938
64643161303634316338396665663339376536633835663138383335666635343038333561623531
37343063373534613435656266626130623839363565333331613363363435616434336630343138
35396432633737636461366430633332623534613637613831343764346333316432636237383166
65366232626135323063666239646633633139653836613638396365383732363363373237363332
34313433386436373433383734636235353930333966366561326638386662396233636634363462
32326365643066386234636166393138343339666430613861326566623337383630333239613833
65383130663164616333653432393366613332343232666636633037366431316632
